# Created by Octave 4.0.0, Sat Feb 25 22:46:48 2017 CET <cedric@cedric-ubuntu>
# name: v
# type: matrix
# rows: 2
# columns: 3
 0.8682932459361455 0.2081972194078813 0.2917868705530226
 0.5433824223691068 0.5480161101928742 0.4831389461771513


